world: plotworld
x: -77.42768499977551
y: 65.0
z: -77.46671115631317
yaw: -88.64993
pitch: 89.55
name: Plots
