world: world
x: -87.98859691247081
y: 70.0
z: 408.84723937423206
yaw: 1.499939
pitch: 28.349941
name: Rules
