world: world
x: -134.47903155222582
y: 71.0
z: 409.5458509742649
yaw: 0.14996338
pitch: 9.600002
name: shop
